Date;Tile;Online
20160920;48PYT;1.0
20160910;48PYT;1.0
