Date;Tile;Online
20220329;48PVT;1.0
20220326;48PVT;1.0
20220324;48PVT;1.0
20220321;48PVT;1.0
20220319;48PVT;1.0
20220316;48PVT;1.0
20220314;48PVT;1.0
20220311;48PVT;1.0
20220309;48PVT;1.0
20220306;48PVT;1.0
20220304;48PVT;1.0
20220301;48PVT;1.0
